-18.42436898314923	-9.470168405231004	0.0
-18.436456258991957	-9.490226981473405	0.0
-18.44980385762246	-9.50946991079743	0.0
-18.464356930894915	-9.527818119878889	0.0
-18.480055677109622	-9.545196211990989	0.0
-18.49683558675101	-9.561532776825656	0.0
-18.51462770757109	-9.576760683933795	0.0
-18.533358927929008	-9.590817358578729	0.0
-18.552952277222488	-9.60364503886919	0.0
-18.573327242176507	-9.61519101311534	0.0
-18.594400097689668	-9.625407836432396	0.0
-18.616084250878547	-9.634253525701844	0.0
-18.638290596906455	-9.641691732089086	0.0
-18.660927885134317	-9.647691890408582	0.0
-18.68390309408913	-9.652229344722773	0.0
-18.70712181370912	-9.655285449658594	0.0
-18.73048863329497	-9.656847647025337	0.0
-18.75390753357284	-9.65690951741893	0.0
-18.777282281258145	-9.655470806600654	0.0
-18.800516824498786	-9.652537426541864	0.0
-18.823515687572787	-9.648121431130429	0.0
-18.846184363218534	-9.642240966638724	0.0
-18.86842970098539	-9.634920197156701	0.0
-18.890160290008858	-9.626189205296459	0.0
-18.911286834637444	-9.616083868576347	0.0
-18.93172252136764	-9.604645711992536	0.0
-18.951383375579226	-9.591921737383903	0.0
-18.970188606605006	-9.5779642302914	0.0
-18.988060939717	-9.562830545105548	0.0
-19.00492693366483	-9.546582869384938	0.0
-19.02071728246163	-9.529287968314222	0.0
-19.035367100177172	-9.511016910351644	0.0
-19.048816187568086	-9.491844775193506	0.0
-19.061009279449465	-9.471850345255579	0.0
-19.07189627179136	-9.45111578193927	0.0
-19.081432427606973	-9.429726288012796	0.0
-19.089578560786574	-9.407769757494732	0.0
-19.096301197121583	-9.38533641447864	0.0
-19.101572711857298	-9.362518442382909	0.0
-19.105371443208927	-9.339409605149319	0.0
-19.107681781374527	-9.316104861946894	0.0
-19.108494232679014	-9.292699976964304	0.0
-19.107805458585702	-9.269291125894274	0.0
-19.105618289415084	-9.245974500727035	0.0
-19.101941712714424	-9.222845914476798	0.0
-19.09679083632601	-9.200000407465536	0.0
-19.09018682630579	-9.177531856781897	0.0
-19.082156819947482	-9.155532590520131	0.0
-19.07273381426965	-9.134093008384141	0.0
-19.061956530423846	-9.113301210215695	0.0
-12.772547505567015	2.123508813169309	0.0
-12.758575937653307	2.148206593949157	0.0
-12.744457315253944	2.17290164219598	0.0
-12.730190326971591	2.1975949440763465	0.0
-12.715773620892946	2.2222875037220526	0.0
-12.70120580368119	2.2469803433775	0.0
-12.686485439646201	2.2716745035509045	0.0
-12.671611049792	2.296371043169298	0.0
-12.656581110840772	2.3210710397372494	0.0
-12.641394054232883	2.3457755894991945	0.0
-12.626048265102202	2.3704858076053728	0.0
-12.61054208122609	2.3952028282812248	0.0
-12.594873791949372	2.4199278050002206	0.0
-12.579041637081573	2.444661910660065	0.0
-12.563043805766775	2.4694063377621354	0.0
-12.546878435325228	2.4941622985941754	0.0
-12.530543610066095	2.5189310254160797	0.0
-12.514037360070471	2.543713770648767	0.0
-12.497357659943907	2.5685118070659896	0.0
-12.480502534078479	2.5933262711374194	0.0
-12.463467375243566	2.6181620766771116	0.0
-12.446254559269262	2.6430138860026706	0.0
-12.428859609835849	2.667886285861477	0.0
-12.411280204309485	2.692780653781988	0.0
-12.3935139564073	2.7176983888546724	0.0
-12.37555841471214	2.7426409119423245	0.0
-12.35741106114955	2.7676096658927105	0.0
-12.339069309426069	2.792606115753331	0.0
-12.320530503427657	2.8176317489882856	0.0
-12.30179191557729	2.8426880756971045	0.0
-12.282850745150537	2.867776628835397	0.0
-12.263704116548016	2.8928989644372747	0.0
-12.244349077523555	2.9180566618393193	0.0
-12.224782597366826	2.94325132390609	0.0
-12.205001565039215	2.9684845772569317	0.0
-12.185002787261704	2.9937580724940007	0.0
-12.164782986553355	3.01907348443135	0.0
-12.14433879921914	3.0444325123249114	0.0
-12.123666773285654	3.069836880103224	0.0
-12.102763366383337	3.0952883365987387	0.0
-12.081624943573681	3.1207886557795255	0.0
-12.060247775119947	3.1463396369812013	0.0
-12.038628034199824	3.1719431051388773	0.0
-12.0167617945584	3.1976009110189474	0.0
-11.994645028099843	3.2233149314504748	0.0
-11.972273602416031	3.2490870695560017	0.0
-11.949643278250454	3.274919254981508	0.0
-11.926749706895514	3.3008134441253016	0.0
-11.903588427521427	3.3267716203655873	0.0
-11.76328288104682	3.477871498646262	0.0
-11.666730799469848	3.5735503822222516	0.0
-11.56690034723124	3.6658034798668804	0.0
-11.463913004563627	3.7545185319688636	0.0
-11.357894093210668	3.8395875842424587	0.0
-11.24897262392735	3.9209071190933042	0.0
-11.13728113949126	3.9983781815854122	0.0
-11.022955553415827	4.0719064998560155	0.0
-10.906134984561888	4.141402599831743	0.0
-10.786961587848728	4.2067819141065295	0.0
-10.665580381270663	4.267964884848786	0.0
-10.542139069429664	4.324877060612564	0.0
-10.416787863798698	4.377449186934959	0.0
-10.289679299934596	4.4256172906094795	0.0
-10.160968051862774	4.469322757532827	0.0
-10.030810743859762	4.508512404030385	0.0
-9.899365759862528	4.543138541573586	0.0
-9.766793050736517	4.57315903481045	0.0
-9.63325393963698	4.598537352838627	0.0
-9.498910925700372	4.619242613658602	0.0
-9.363927486304785	4.635249621752926	0.0
-9.228467878139943	4.646538898745783	0.0
-9.092696937328919	4.653096707105538	0.0
-8.956779878844738	4.654915066861485	0.0
-8.820882095465985	4.651991765314373	0.0
-8.685168956516026	4.644330359728992	0.0
-8.549805606630802	4.631940173005432	0.0
-8.414956764800005	4.614836282334391	0.0
-8.280786523926231	4.593039500850246	0.0
-8.147458151145985	4.566576352304277	0.0
-8.01513388915554	4.535479038788823	0.0
-7.883974758783397	4.4997854015516765	0.0
-7.754140363049592	4.459538874948359	0.0
-7.625788692950288	4.414788433588372	0.0
-7.499075935203991	4.365588532739665	0.0
-7.374156282193315	4.311999042063915	0.0
-7.251181744333589	4.254085172763194	0.0
-7.1303019650966375	4.191917398226703	0.0
-7.011664038914794	4.125571368274146	0.0
-6.8954123321867655	4.055127817100069	0.0
-6.781688307603147	3.9806724650312053	0.0
-6.670630352005347	3.9022959142163667	0.0
-6.5623736079874195	3.8200935383758146	0.0
-6.457049809445708	3.734165366744277	0.0
-6.354787121276404	3.6446159623488144	0.0
-6.255709983416115	3.55155429476969	0.0
-6.1599389594151965	3.4550936075390397	0.0
-6.067590589728126	3.3553512803387258	0.0
-5.978777249899447	3.252448686165062	0.0
-5.951960873337704	3.220270821043895	0.0
-5.925535650256135	3.188200409819566	0.0
-5.899488479387938	3.156238225651787	0.0
-5.87381191252294	3.1243805888312823	0.0
-5.8484987254527265	3.092623883394233	0.0
-5.8235419115915965	3.06096455630879	0.0
-5.798934675792342	3.0293991166660263	0.0
-5.774670428350557	2.9979241348758388	0.0
-5.750742779191392	2.96653624186839	0.0
-5.727145532232899	2.935232128301594	0.0
-5.703872679920277	2.9040085437751495	0.0
-5.680918397925552	2.872862296051508	0.0
-5.6582770400073565	2.8417902502842716	0.0
-5.635943133025753	2.810789328254408	0.0
-5.613911372107083	2.7798565076145803	0.0
-5.59217661595411	2.748988821142044	0.0
-5.570733882296814	2.7181833560003676	0.0
-5.549578343479351	2.687437253010304	0.0
-5.528705322178909	2.656747705930132	0.0
-5.508110287252207	2.6261119607456487	0.0
-5.487788849705667	2.5955273149701856	0.0
-5.467736758785311	2.564991116954803	0.0
-5.447949898182612	2.5345007652088944	0.0
-5.428424282352653	2.504053707731467	0.0
-5.409156052941052	2.473647441353249	0.0
-5.390139396222531	2.443276190596807	0.0
-5.371374997078418	2.412944416881837	0.0
-5.352857037442575	2.3826460491570156	0.0
-5.334582233731453	2.3523789343238644	0.0
-5.316547313553837	2.322140803919456	0.0
-5.298749112369627	2.2919294346025714	0.0
-5.281184570588314	2.2617426475765856	0.0
-5.263850730751719	2.2315783080245533	0.0
-5.246744734798402	2.2014343245565495	0.0
-5.229863821407161	2.171308648669499	0.0
-5.213205323417161	2.1411992742195696	0.0
-5.19676666532228	2.1111042369073054	0.0
-5.180545360837367	2.0810216137756035	0.0
-5.164539010534139	2.0509495227207357	0.0
-5.148745299544561	2.0208861220165018	0.0
-5.133161995329558	1.9908296098516876	0.0
-5.117786945511031	1.9607782238809874	0.0
-5.102618075765194	1.9307302407895406	0.0
-5.087653387775248	1.9006839758712304	0.0
-5.072890957241579	1.870637782620949	0.0
-5.058328931947622	1.8405900523409853	0.0
-5.043965529879621	1.8105392137617027	0.0
-5.029799037398582	1.7804837326767535	0.0
-5.0158278074627365	1.7504221115930105	0.0
-5.002050257898901	1.7203528893953979	0.0
0.7448998675050854	-11.00347884593337	0.0
0.7565415954275905	-11.031625519193232	0.0
0.7663560406240197	-11.060460250163112	0.0
0.7743028734338748	-11.089864550748425	0.0
0.7803494386165452	-11.119717592370858	0.0
0.7844708895387118	-11.149896702478932	0.0
0.7866502902744905	-11.180277868635814	0.0
0.7868786851987739	-11.21073624811302	0.0
0.7851551357878298	-11.241146680895985	0.0
0.7814867244758869	-11.271384203993382	0.0
0.7758885255518998	-11.301324564936872	0.0
0.7683835432160538	-11.330844732361156	0.0
0.7590026170505838	-11.35982340156623	0.0
0.7477842952933041	-11.388141492984424	0.0
0.7347746764346375	-11.41568264150389	0.0
0.7200272197890306	-11.442333674637807	0.0
0.7036025258191593	-11.467985077574394	0.0
0.6855680871156274	-11.492531443196777	0.0
0.6659980110554514	-11.515871905223435	0.0
0.6449727152789217	-11.53791055268939	0.0
0.6225785972363022	-11.558556824064924	0.0
0.5989076791621487	-11.577725879392348	0.0
0.5740572299362284	-11.595338948911573	0.0
0.5481293653848096	-11.611323656741945	0.0
0.521230628664849	-11.62561431829029	0.0
0.4934715524552887	-11.638152210162964	0.0
0.46496620475457345	-11.648885811472892	0.0
0.4358317201507867	-11.657771015549942	0.0
0.406187818490492	-11.664771311184692	0.0
0.37615631292420887	-11.66985793266082	0.0
0.3458606093500461	-11.673009977959598	0.0
0.31542519931240043	-11.674214494650792	0.0
0.28497514843948873	-11.673466533116946	0.0
0.254635582521861	-11.670769166892434	0.0
0.22453117334369532	-11.666133480033663	0.0
0.19478562637967395	-11.659578521572284	0.0
0.16552117246267772	-11.651131227238649	0.0
0.13685806551105664	-11.640826308777115	0.0
0.10891408837948327	-11.628706111308038	0.0
0.0818040688639684	-11.614820439322592	0.0
0.05563940784977331	-11.599226352025433	0.0
0.030527621541313634	-11.581987928866189	0.0
0.006571899654984002	-11.563176006223248	0.0
-0.01612931860949158	-11.542867886321893	0.0
-0.03748274907686956	-11.521147019582882	0.0
-0.05740064592106437	-11.498102661706751	0.0
-0.07580116223156631	-11.47382950690302	0.0
-0.09260868633995786	-11.448427298771344	0.0
-0.1211830794092255	-11.394728428093522	0.0
-0.2992556965289517	-11.051527441908904	0.0
-0.47524454350630746	-10.721569792717153	0.0
-0.649151550655503	-10.40425299190586	0.0
-0.8209837673051297	-10.099004554387596	0.0
-0.9907528546444295	-9.805280432002757	0.0
-1.1584746188201276	-9.522563534604146	0.0
-1.3241685811634063	-9.250362333642505	0.0
-1.4878575826621003	-8.988209543398083	0.0
-1.6495674200099524	-8.73566087530785	0.0
-1.8093265107641399	-8.492293861122398	0.0
-1.9671667191812827	-8.257705055707964	0.0
-2.1231219633105263	-8.031510758094745	0.0
-2.277220776760735	-7.8133561748266285	0.0
-2.4295029305306324	-7.602890208161868	0.0
-2.5800057913405166	-7.399783982694747	0.0
-2.728767832026138	-7.203724620176491	0.0
-2.8758284449608404	-7.0144144453629735	0.0
-3.021227770300737	-6.831570234837757	0.0
-3.1650065377752243	-6.6549225064104505	0.0
-3.3072068337886513	-6.484213750843626	0.0
-3.44787198383056	-6.3191978757354645	0.0
-3.587036937055593	-6.159650579877356	0.0
-3.7247474008251227	-6.0053463178017	0.0
-3.8610450732587944	-5.856074925609264	0.0
-3.9959715147710373	-5.7116364522683245	0.0
-4.129568830230424	-5.5718398656629065	0.0
-4.2618803907630625	-5.436501841047559	0.0
-4.392939425145644	-5.3054577968086765	0.0
-4.52279031091592	-5.178539715808162	0.0
-4.651472615648374	-5.055591978779081	0.0
-4.7790259138283995	-4.93646605369442	0.0
-4.9054912032162905	-4.821018845798823	0.0
-5.0308981008286215	-4.70912390632305	0.0
-5.155287644378965	-4.600650314490174	0.0
-5.278696024539746	-4.495477180443385	0.0
-5.401160963255855	-4.393487682033268	0.0
-5.522707941482311	-4.294580142608481	0.0
-5.643374335436209	-4.198647692362077	0.0
-5.763194537189141	-4.105590505125051	0.0
-5.882190380623372	-4.015322640914518	0.0
-6.000398264221178	-3.9277508747092384	0.0
-6.117836442747712	-3.842799221393818	0.0
-6.234538439574375	-3.7603839258449487	0.0
-6.350522594423843	-3.6804353579651363	0.0
-6.465809411505725	-3.602885188492173	0.0
-6.580417071677941	-3.5276693635023335	0.0
-6.694365054195169	-3.4547255267495847	0.0
-6.807662753414263	-3.384000108635304	0.0
-7.032292206199521	-3.2490064883911374	0.0
-7.144756095348946	-3.1840207992808596	0.0
-7.258667802790971	-3.1216077472853465	0.0
-7.373968488871241	-3.0617995710786508	0.0
-7.490598596476017	-3.0046271638191167	0.0
-7.608497881795664	-2.950120057191919	0.0
-7.727605445442814	-2.898306406154839	0.0
-7.847859763909187	-2.84921297439518	0.0
-7.969198721344775	-2.802865120505315	0.0
-8.091559641643011	-2.7592867848840346	0.0
-8.214879320815307	-2.7185004773704327	0.0
-8.339094059638285	-2.6805272656167305	0.0
-8.464139696556805	-2.6453867642060547	0.0
-8.589951640825806	-2.6130971245207615	0.0
-8.716464905873835	-2.5836750253665772	0.0
-8.843614142871054	-2.557135664357369	0.0
-8.971333674484336	-2.5334927500650073	0.0
-9.099557528802073	-2.5127584949383857	0.0
-9.22821947341113	-2.494943608995216	0.0
-9.357253049608362	-2.480057294289924	0.0
-9.486591606729023	-2.4681072401604354	0.0
-9.616168336574317	-2.459099619256335	0.0
-9.745916307920334	-2.453039084350488	0.0
-9.875768501090532	-2.4499287659356823	0.0
-10.005657842573902	-2.449770270607629	0.0
-10.135517239670936	-2.4525636802350883	0.0
-10.265279615149526	-2.458307551917584	0.0
-10.39487794189286	-2.466998918730713	0.0
-10.52424527752142	-2.478633291258676	0.0
-10.653314798971238	-2.493204659913228	0.0
-10.782019837010498	-2.510705498037852	0.0
-10.910293910676694	-2.5311267657955607	0.0
-11.038070761616515	-2.5544579148383124	0.0
-11.165284388310777	-2.5806868937556176	0.0
-11.291869080166673	-2.609800154299558	0.0
-11.417759451459748	-2.6417826583829505	0.0
-11.542890475108058	-2.6766178858470884	0.0
-11.667197516261105	-2.7142878429950166	0.0
-11.790616365686146	-2.7547730718859476	0.0
-11.913083272934662	-2.79805266038602	0.0
-12.034534979271845	-2.844104252970194	0.0
-12.1549087503521	-2.8929040622697197	0.0
-12.274142408623685	-2.9444268813591945	0.0
-12.392174365445735	-2.9986460967768878	0.0
-12.50894365290109	-3.055533702271587	0.0
-12.624389955288517	-3.1150603132688777	0.0
-12.738453640278017	-3.1771951820493616	0.0
-12.851075789713152	-3.2419062136310215	0.0
-13.071752029674709	-3.37893941557978	0.0
-13.164266865613435	-3.4393332808918444	0.0
-13.257121746340994	-3.5012343198460774	0.0
-13.350401710862814	-3.5647265213747517	0.0
-13.444075302784475	-3.629817308291376	0.0
-13.538143155748987	-3.6965363431503357	0.0
-13.63261578934666	-3.7649213257367924	0.0
-13.72750137120528	-3.835009574468269	0.0
-13.822809312441839	-3.9068406452186206	0.0
-13.918545756696528	-3.9804529884635578	0.0
-14.01473146684109	-4.055897831251049	0.0
-14.111370521264028	-4.133215102795856	0.0
-14.20848506155861	-4.212460801857615	0.0
-14.306081190232126	-4.293679843008429	0.0
-14.404181979334064	-4.37693310131462	0.0
-14.50279557655813	-4.46227101399452	0.0
-14.601941539366253	-4.549755900928703	0.0
-14.701637193134683	-4.639450559569042	0.0
-14.801904397013852	-4.731424418095552	0.0
-14.90275304633238	-4.825738537842189	0.0
-15.00420444836021	-4.92246714926148	0.0
-15.106277775795718	-5.02168543710928	0.0
-15.208996207060133	-5.123475598684466	0.0
-15.312371558573702	-5.227911766517494	0.0
-15.416426044972221	-5.335081682561156	0.0
-15.52118001800264	-5.445074798743302	0.0
-15.626653411329695	-5.557983845624718	0.0
-15.732866299871436	-5.673905589225853	0.0
-15.839842883318292	-5.792945468087478	0.0
-15.947596365052805	-5.915201002718622	0.0
-16.056149287683365	-6.040784572110672	0.0
-16.165522613112863	-6.169811597877237	0.0
-16.275736500716395	-6.302401591639524	0.0
-16.386810990012055	-6.438679187839862	0.0
-16.49876594967855	-6.5787743569097525	0.0
-16.61162102367347	-6.722822628675451	0.0
-16.72539937279599	-6.870970272585993	0.0
-16.840113567350624	-7.023356283386506	0.0
-16.95578398270203	-7.180136567401421	0.0
-17.07242965167213	-7.341472537942488	0.0
-17.19006816341747	-7.507531266885984	0.0
-17.308716480511073	-7.678486969535384	0.0
-17.428390855632628	-7.8545213146133985	0.0
-17.549106742562937	-8.03582374913842	0.0
-17.67087870104838	-8.222591838922305	0.0
-17.793720295076348	-8.415031625467504	0.0
-17.917647451083017	-8.613363548653778	0.0
-18.042665774280632	-8.817802771753243	0.0
-18.168786265304245	-9.028584780389139	0.0
-18.296018403906295	-9.245955188680874	0.0
-18.42436898314923	-9.470168405231004	0.0
